Basic Statistics:
                  id            Age         Height         Weight       Duration     Heart_Rate      Body_Temp       Calories
count  750000.000000  750000.000000  750000.000000  750000.000000  750000.000000  750000.000000  750000.000000  750000.000000
mean   374999.500000      41.420404     174.697685      75.145668      15.421015      95.483995      40.036253      88.282781
std    216506.495284      15.175049      12.824496      13.982704       8.354095       9.449845       0.779875      62.395349
min         0.000000      20.000000     126.000000      36.000000       1.000000      67.000000      37.100000       1.000000
25%    187499.750000      28.000000     164.000000      63.000000       8.000000      88.000000      39.600000      34.000000
50%    374999.500000      40.000000     174.000000      74.000000      15.000000      95.000000      40.300000      77.000000
75%    562499.250000      52.000000     185.000000      87.000000      23.000000     103.000000      40.700000     136.000000
max    749999.000000      79.000000     222.000000     132.000000      30.000000     128.000000      41.500000     314.000000

Missing Values:
id            0
Sex           0
Age           0
Height        0
Weight        0
Duration      0
Heart_Rate    0
Body_Temp     0
Calories      0